M =[1	2	3	1 1 0 1 0 0		24 16 00 08 00 00	0 1 0 0 0 0		3;
1	3	2	1 1 0 0 0 1		18 22 00 00 00 07	0 0 0 0 0 1		3;
2	1	3	0 1 1 1 0 0		00 10 23 14 00 00	0 0 1 0 0 0		3;
3	1	2	0 0 1 1 1 0		00 00 17 20 09 00	0 0 0 1 0 0		3;
2	3	1	1 0 0 0 1 1		12 00 00 00 21 13	1 0 0 0 0 0		3;
3	2	1	0 0 1 0 1 1		00 00 11 00 15 19	0 0 0 0 1 0		3;
1	32	0	1 1 0 1 0 0		26 12 00 02 00 00	1 0 0 0 0 0		6;
1	0	32	1 1 0 0 0 1		10 27 00 00 00 01	1 0 0 0 0 0		1;
32	1	0	0 1 1 1 0 0		00 04 25 11 00 00	0 1 0 0 0 0		2;
0	1	32	0 0 1 1 1 0		00 00 08 27 03 00	0 0 0 0 1 0		2;
32	0	1	1 0 0 0 1 1		06 00 00 00 25 09	0 0 0 0 0 1		1;
0	32	1	0 0 1 0 1 1		00 00 05 00 07 26	0 0 0 0 0 1		6;
2	31	0	0 1 1 1 0 0		00 18 21 05 00 00	0 0 0 1 0 0		2;
2	0	31	1 0 0 0 1 1		16 00 00 00 23 03	0 0 0 0 1 0		4;
31	2	0	1 1 0 1 0 0		19 06 00 17 00 00	0 0 0 1 0 0		1;
0	2	31	0 0 1 0 1 1		00 00 14 00 01 24	0 0 1 0 0 0		1;
31	0	2	1 1 0 0 0 1		04 20 00 00 00 15	0 1 0 0 0 0		4;
0	31	2	0 0 1 1 1 0		00 00 02 22 13 00	0 0 1 0 0 0		2;
3	21	0	0 1 1 1 0 0		00 24 15 06 00 00	0 0 1 0 0 0		4;
3	0	21	1 0 0 0 1 1		22 00 00 00 17 04	1 0 0 0 0 0		1;
21	3	0	1 1 0 1 0 0		13 05 00 23 00 00	0 1 0 0 0 0		2;
0	3	21	0 0 1 0 1 1		00 00 20 00 02 18	0 0 0 0 1 0		2;
21	0	3	1 1 0 0 0 1		03 14 00 00 00 21	0 0 0 0 0 1		1;
0	21	3	0 0 1 1 1 0		00 00 01 16 19 00	0 0 0 1 0 0		4;
321	0	0	1 1 0 0 0 0		09 11 00 00 00 00	1 0 0 0 0 0		5;
0	321	0	0 0 1 1 0 0		00 00 07 12 00 00	0 0 0 0 0 0		0;
0	0	321 0 0 0 0 1 1		00 00 00 00 08 10	0 0 0 0 0 1		5];

%states   - valid actions - transitions - optimal - parameters
